wine_e 90 1 20210507214402                                            
wine_e 90 1 20210507214402                                            
wine_e 90 1 20210507214402                                            
wine_e 90 1 20210507214402                                            
wine_e 90 1 20210507214402                                            
wine_c 70 1 20210507214402                                            
wine_d 80 1 20210507214402                                            
wine_c 70 1 20210507214402                                            
wine_c 70 1 20210507214402                                            
wine_b 60 1 20210507214402                                            
wine_a 50 1 20210507214402                                            
wine_e 90 1 20210507214402                                            
wine_e 90 1 20210507214402                                            
wine_e 90 1 20210507214402                                            
wine_e 90 1 20210507214402                                            
wine_e 90 1 20210507214402                                            
wine_e 90 1 20210507214402                                            
wine_e 90 1 20210507214402                                            
wine_e 90 1 20210507214402                                            
wine_e 90 1 20210507214402                                            
wine_e 90 1 20210507214402                                            
wine_e 90 1 20210507214402                                            
wine_e 90 1 20210507214402                                            
wine_e 90 1 20210507214402                                            
wine_c 70 1 20210507214402                                            
wine_d 80 1 20210507214402                                            
wine_c 70 1 20210507214402                                            
wine_c 70 1 20210507214402                                            
wine_b 60 1 20210507214402                                            
wine_a 50 1 20210507214402                                            
Bananamilkshake 32.000000 0 20210507193747                            
Coffeeicecream 30.000000 0 20210507193250                             
hotdog 1000.00 0 20210507192830                                       
wine_e 90 1 20210507191857                                            
wine_e 90 1 20210507191857                                            
wine_e 90 1 20210507191857                                            
wine_e 90 1 20210507191857                                            
wine_e 90 1 20210507191857                                            
wine_c 70 1 20210507191857                                            
wine_d 80 1 20210507191857                                            
wine_c 70 1 20210507191857                                            
wine_c 70 1 20210507191857                                            
wine_b 60 1 20210507191857                                            
wine_a 50 1 20210507191857                                            
wine_e 90 1 20210507191857                                            
wine_e 90 1 20210507191857                                            
wine_e 90 1 20210507191857                                            
wine_e 90 1 20210507191857                                            
wine_e 90 1 20210507191857                                            
wine_e 90 1 20210507191857                                            
wine_e 90 1 20210507191857                                            
wine_e 90 1 20210507191857                                            
wine_e 90 1 20210507191857                                            
wine_e 90 1 20210507191857                                            
wine_e 90 1 20210507191857                                            
wine_e 90 1 20210507191857                                            
wine_e 90 1 20210507191857                                            
wine_c 70 1 20210507191857                                            
wine_d 80 1 20210507191857                                            
wine_c 70 1 20210507191857                                            
wine_c 70 1 20210507191857                                            
wine_b 60 1 20210507191857                                            
wine_a 50 1 20210507191857                                            
hotdog 100.00 0 20210507191542                                        
wine_e 90 1 20210507175252                                            
wine_e 90 1 20210507175252                                            
wine_e 90 1 20210507175252                                            
wine_e 90 1 20210507175252                                            
wine_e 90 1 20210507175252                                            
wine_c 70 1 20210507175252                                            
wine_d 80 1 20210507175252                                            
wine_c 70 1 20210507175252                                            
wine_c 70 1 20210507175252                                            
wine_b 60 1 20210507175252                                            
wine_a 50 1 20210507175252                                            
wine_e 90 1 20210507175252                                            
wine_e 90 1 20210507175252                                            
wine_e 90 1 20210507175252                                            
wine_e 90 1 20210507175252                                            
wine_e 90 1 20210507175252                                            
wine_e 90 1 20210507175252                                            
wine_e 90 1 20210507175252                                            
wine_e 90 1 20210507175252                                            
wine_e 90 1 20210507175252                                            
wine_e 90 1 20210507175252                                            
wine_e 90 1 20210507175252                                            
wine_e 90 1 20210507175252                                            
wine_e 90 1 20210507175252                                            
wine_c 70 1 20210507175252                                            
wine_d 80 1 20210507175252                                            
wine_c 70 1 20210507175252                                            
wine_c 70 1 20210507175252                                            
wine_b 60 1 20210507175252                                            
wine_a 50 1 20210507175252                                            
wine_e 90 1 20210507174440                                            
wine_e 90 1 20210507174440                                            
wine_e 90 1 20210507174440                                            
wine_e 90 1 20210507174440                                            
wine_e 90 1 20210507174440                                            
wine_c 70 1 20210507174440                                            
wine_d 80 1 20210507174440                                            
wine_c 70 1 20210507174440                                            
wine_c 70 1 20210507174440                                            
wine_b 60 1 20210507174440                                            
wine_a 50 1 20210507174440                                            
wine_e 90 1 20210507174440                                            
wine_e 90 1 20210507174440                                            
wine_e 90 1 20210507174440                                            
wine_e 90 1 20210507174440                                            
wine_e 90 1 20210507174440                                            
wine_e 90 1 20210507174440                                            
wine_e 90 1 20210507174440                                            
wine_e 90 1 20210507174440                                            
wine_e 90 1 20210507174440                                            
wine_e 90 1 20210507174440                                            
wine_e 90 1 20210507174440                                            
wine_e 90 1 20210507174440                                            
wine_e 90 1 20210507174440                                            
wine_c 70 1 20210507174440                                            
wine_d 80 1 20210507174440                                            
wine_c 70 1 20210507174440                                            
wine_c 70 1 20210507174440                                            
wine_b 60 1 20210507174440                                            
wine_a 50 1 20210507174440                                            
wine_e 90 1 20210507171510                                            
wine_e 90 1 20210507171510                                            
wine_e 90 1 20210507171510                                            
wine_e 90 1 20210507171510                                            
wine_e 90 1 20210507171510                                            
wine_c 70 1 20210507171510                                            
wine_d 80 1 20210507171510                                            
wine_c 70 1 20210507171510                                            
wine_c 70 1 20210507171510                                            
wine_b 60 1 20210507171510                                            
wine_a 50 1 20210507171510                                            
wine_e 90 1 20210507171510                                            
wine_e 90 1 20210507171510                                            
wine_e 90 1 20210507171510                                            
wine_e 90 1 20210507171510                                            
wine_e 90 1 20210507171510                                            
wine_e 90 1 20210507171510                                            
wine_e 90 1 20210507171510                                            
wine_e 90 1 20210507171510                                            
wine_e 90 1 20210507171510                                            
wine_e 90 1 20210507171510                                            
wine_e 90 1 20210507171510                                            
wine_e 90 1 20210507171510                                            
wine_e 90 1 20210507171510                                            
wine_c 70 1 20210507171510                                            
wine_d 80 1 20210507171510                                            
wine_c 70 1 20210507171510                                            
wine_c 70 1 20210507171510                                            
wine_b 60 1 20210507171510                                            
wine_a 50 1 20210507171510                                            
Micheal 1200.00 2 20210507104740                                      
Water 123.00 0 20210506125251                                         
Elio 20000.0 2 20210506125251                                         
Water 123.00 0 20210506125110                                         
Elio 20000.0 2 20210506125110                                         
Elio 20000.0 2 20210506121133                                         
Tom 14500.00 2 20210506115736                                         
JACK 14500.00 2 20210506115735                                        
Oil 123.09 1 20210506115733                                           
Wine 230.00 0 20210506115732                                          
Elio 20000.0 2 20210506121209                                         
Water 123.00 0 20210506121209                                         
Elio 20000.0 2 20210506125154                                         
Water 123.00 0 20210506125154                                         
Elio 20000.0 2 20210506125357                                         
Water 123.00 0 20210506125357                                         
Martini 40.000000 0 20210507170734                                    
wine_a 50 1 20210507173257                                            
wine_b 60 1 20210507173257                                            
wine_c 70 1 20210507173257                                            
wine_c 70 1 20210507173257                                            
wine_d 80 1 20210507173257                                            
wine_c 70 1 20210507173257                                            
wine_e 90 1 20210507173257                                            
wine_e 90 1 20210507173257                                            
wine_e 90 1 20210507173257                                            
wine_e 90 1 20210507173257                                            
wine_e 90 1 20210507173257                                            
wine_e 90 1 20210507173257                                            
wine_e 90 1 20210507173257                                            
wine_e 90 1 20210507173257                                            
wine_e 90 1 20210507173257                                            
wine_e 90 1 20210507173257                                            
wine_e 90 1 20210507173257                                            
wine_e 90 1 20210507173257                                            
wine_e 90 1 20210507173257                                            
wine_a 50 1 20210507173257                                            
wine_b 60 1 20210507173257                                            
wine_c 70 1 20210507173257                                            
wine_c 70 1 20210507173257                                            
wine_d 80 1 20210507173257                                            
wine_c 70 1 20210507173257                                            
wine_e 90 1 20210507173257                                            
wine_e 90 1 20210507173257                                            
wine_e 90 1 20210507173257                                            
wine_e 90 1 20210507173257                                            
wine_e 90 1 20210507173257                                            
wine_a 50 1 20210507174921                                            
wine_b 60 1 20210507174921                                            
wine_c 70 1 20210507174921                                            
wine_c 70 1 20210507174921                                            
wine_d 80 1 20210507174921                                            
wine_c 70 1 20210507174921                                            
wine_e 90 1 20210507174921                                            
wine_e 90 1 20210507174921                                            
wine_e 90 1 20210507174921                                            
wine_e 90 1 20210507174921                                            
wine_e 90 1 20210507174921                                            
wine_e 90 1 20210507174921                                            
wine_e 90 1 20210507174921                                            
wine_e 90 1 20210507174921                                            
wine_e 90 1 20210507174921                                            
wine_e 90 1 20210507174921                                            
wine_e 90 1 20210507174921                                            
wine_e 90 1 20210507174921                                            
wine_e 90 1 20210507174921                                            
wine_a 50 1 20210507174921                                            
wine_b 60 1 20210507174921                                            
wine_c 70 1 20210507174921                                            
wine_c 70 1 20210507174921                                            
wine_d 80 1 20210507174921                                            
wine_c 70 1 20210507174921                                            
wine_e 90 1 20210507174921                                            
wine_e 90 1 20210507174921                                            
wine_e 90 1 20210507174921                                            
wine_e 90 1 20210507174921                                            
wine_e 90 1 20210507174921                                            
wine_a 50 1 20210507175337                                            
wine_b 60 1 20210507175337                                            
wine_c 70 1 20210507175337                                            
wine_c 70 1 20210507175337                                            
wine_d 80 1 20210507175337                                            
wine_c 70 1 20210507175337                                            
wine_e 90 1 20210507175337                                            
wine_e 90 1 20210507175337                                            
wine_e 90 1 20210507175337                                            
wine_e 90 1 20210507175337                                            
wine_e 90 1 20210507175337                                            
wine_e 90 1 20210507175337                                            
wine_e 90 1 20210507175337                                            
wine_e 90 1 20210507175337                                            
wine_e 90 1 20210507175337                                            
wine_e 90 1 20210507175337                                            
wine_e 90 1 20210507175337                                            
wine_e 90 1 20210507175337                                            
wine_e 90 1 20210507175337                                            
wine_a 50 1 20210507175337                                            
wine_b 60 1 20210507175337                                            
wine_c 70 1 20210507175337                                            
wine_c 70 1 20210507175337                                            
wine_d 80 1 20210507175337                                            
wine_c 70 1 20210507175337                                            
wine_e 90 1 20210507175337                                            
wine_e 90 1 20210507175337                                            
wine_e 90 1 20210507175337                                            
wine_e 90 1 20210507175337                                            
wine_e 90 1 20210507175337                                            
wine_a 50 1 20210507191641                                            
wine_b 60 1 20210507191641                                            
wine_c 70 1 20210507191641                                            
wine_c 70 1 20210507191641                                            
wine_d 80 1 20210507191641                                            
wine_c 70 1 20210507191641                                            
wine_e 90 1 20210507191641                                            
wine_e 90 1 20210507191641                                            
wine_e 90 1 20210507191641                                            
wine_e 90 1 20210507191641                                            
wine_e 90 1 20210507191641                                            
wine_e 90 1 20210507191641                                            
wine_e 90 1 20210507191641                                            
wine_e 90 1 20210507191641                                            
wine_e 90 1 20210507191641                                            
wine_e 90 1 20210507191641                                            
wine_e 90 1 20210507191641                                            
wine_e 90 1 20210507191641                                            
wine_e 90 1 20210507191641                                            
wine_a 50 1 20210507191641                                            
wine_b 60 1 20210507191641                                            
wine_c 70 1 20210507191641                                            
wine_c 70 1 20210507191641                                            
wine_d 80 1 20210507191641                                            
wine_c 70 1 20210507191641                                            
wine_e 90 1 20210507191641                                            
wine_e 90 1 20210507191641                                            
wine_e 90 1 20210507191641                                            
wine_e 90 1 20210507191641                                            
wine_e 90 1 20210507191641                                            
wine_a 50 1 20210507192051                                            
wine_b 60 1 20210507192051                                            
wine_c 70 1 20210507192051                                            
wine_c 70 1 20210507192051                                            
wine_d 80 1 20210507192051                                            
wine_c 70 1 20210507192051                                            
wine_e 90 1 20210507192051                                            
wine_e 90 1 20210507192051                                            
wine_e 90 1 20210507192051                                            
wine_e 90 1 20210507192051                                            
wine_e 90 1 20210507192051                                            
wine_e 90 1 20210507192051                                            
wine_e 90 1 20210507192051                                            
wine_e 90 1 20210507192051                                            
wine_e 90 1 20210507192051                                            
wine_e 90 1 20210507192051                                            
wine_e 90 1 20210507192051                                            
wine_e 90 1 20210507192051                                            
wine_e 90 1 20210507192051                                            
wine_a 50 1 20210507192051                                            
wine_b 60 1 20210507192051                                            
wine_c 70 1 20210507192051                                            
wine_c 70 1 20210507192051                                            
wine_d 80 1 20210507192051                                            
wine_c 70 1 20210507192051                                            
wine_e 90 1 20210507192051                                            
wine_e 90 1 20210507192051                                            
wine_e 90 1 20210507192051                                            
wine_e 90 1 20210507192051                                            
wine_e 90 1 20210507192051                                            
Bananaboat 50.000000 0 20210507192927                                 
Coffeeicecream 30.000000 0 20210507193616                             
Martini 20.000000 0 20210507213613                                    
