XHAOLIU 20210402 MALE 2 3 40232002090934 000023 12000.00              
JANGWU 20210401 MALE 2 3 40232002090934 000022 12000.00               
XISI 20210319 FEMALE 1 2 40232002080967 000021 8500.00                
HANGSAN 20210319 MALE 1 2 40232002062478 000020 8000.00               
DANGJIE 20210317 MALE 0 0 40232001071535 000019 200000.00             
CHANGYUE 20210317 MALE 0 0 40232001071532 000018 200000.00            
ZANGYANG 20210316 MALE 0 0 40232001090931 000017 200000.00            
TONY 20210409 MALE 7 3 40232002090934 000016 12000.00                 
MIQI 20210409 MALE 6 3 40232002090934 000015 12000.00                 
LIQI 20210409 MALE 6 3 40232002090934 000014 12000.00                 
ZHAOJIA 20210408 FEMALE 5 3 40232002090934 000013 12000.00            
HANJIU 20210407 MALE 5 3 40232002090934 000012 12000.00               
BAIZHI 20210406 FEMALE 4 3 40232002090934 000011 12000.00             
SUNXIN 20210405 MALE 4 3 40232002090934 000010 12000.00               
YANGCEN 20210404 FEMALE 3 3 40232002090934 000009 12000.00            
SUNYI 20210403 MALE 3 3 40232002090934 000008 12000.00                
ZHAOLIU 20210402 MALE 2 3 40232002090934 000007 12000.00              
WANGWU 20210401 MALE 2 3 40232002090934 000006 12000.00               
ZHANGSAN 20210319 MALE 1 2 40232002062478 000004 8000.00              
WANGJIE 20210317 MALE 0 0 40232001071535 000003 200000.00             
ZHANGYUE 20210317 MALE 0 0 40232001071532 000002 200000.00            
YANGYANG 20210316 MALE 0 0 40232001090931 000001 200000.00            
JACKSON 20210907 MALE 0 0 40232001090986 000025 20000.00              
